0.693147
0.632008
0.631523
0.631385
0.631258
0.631142
0.631034
0.630934
0.630843
0.630758
0.630680
0.630608
0.630541
0.630479
0.630422
0.630370
0.630321
0.630276
0.630235
0.630196
0.630161
0.630127
0.630097
0.630068
0.630042
0.630018
0.629995
0.629974
0.629954
0.629936
0.629919
0.629903
0.629888
0.629874
0.629861
0.629849
0.629838
0.629827
0.629817
0.629808
0.629799
0.629791
0.629783
0.629775
0.629768
0.629761
0.629755
0.629749
0.629743
0.629738
0.629732
0.629727
0.629723
0.629718
0.629713
0.629709
0.629705
0.629701
0.629697
0.629693
0.629690
0.629686
0.629682
0.629679
0.629676
0.629672
0.629669
0.629666
0.629663
0.629660
0.629657
0.629654
0.629651
0.629648
0.629645
0.629643
0.629640
0.629637
0.629634
0.629632
0.629629
0.629626
0.629624
0.629621
0.629618
0.629616
0.629613
0.629611
0.629608
0.629606
0.629603
0.629600
0.629598
0.629595
0.629593
0.629590
0.629588
0.629585
0.629583
0.629580
0.629578
0.629575
0.629573
0.629571
0.629568
0.629566
0.629563
0.629561
0.629558
0.629556
0.629553
0.629551
0.629548
0.629546
0.629543
0.629541
0.629539
0.629536
0.629534
0.629531
0.629529
0.629526
0.629524
0.629521
0.629519
0.629517
0.629514
0.629512
0.629509
0.629507
0.629504
0.629502
0.629499
0.629497
0.629495
0.629492
0.629490
0.629487
0.629485
0.629482
0.629480
0.629478
0.629475
0.629473
0.629470
0.629468
0.629465
0.629463
0.629460
0.629458
0.629456
0.629453
0.629451
0.629448
0.629446
0.629443
0.629441
0.629439
0.629436
0.629434
0.629431
0.629429
0.629426
0.629424
0.629422
0.629419
0.629417
0.629414
0.629412
0.629409
0.629407
0.629404
0.629402
0.629400
0.629397
0.629395
0.629392
0.629390
0.629387
0.629385
0.629383
0.629380
0.629378
0.629375
0.629373
0.629370
0.629368
0.629366
0.629363
0.629361
0.629358
0.629356
0.629353
0.629351
0.629348
0.629346
0.629344
0.629341
0.629339
0.629336
0.629334
0.629331
0.629329
0.629327
0.629324
0.629322
0.629319
0.629317
0.629314
0.629312
0.629310
0.629307
0.629305
0.629302
0.629300
0.629297
0.629295
0.629292
0.629290
0.629288
0.629285
0.629283
0.629280
0.629278
0.629275
0.629273
0.629271
0.629268
0.629266
0.629263
0.629261
0.629258
0.629256
0.629254
0.629251
0.629249
0.629246
0.629244
0.629241
0.629239
0.629237
0.629234
0.629232
0.629229
0.629227
0.629224
0.629222
0.629219
0.629217
0.629215
0.629212
0.629210
0.629207
0.629205
0.629202
0.629200
0.629198
0.629195
0.629193
0.629190
0.629188
0.629185
0.629183
0.629181
0.629178
0.629176
0.629173
0.629171
0.629168
0.629166
0.629164
0.629161
0.629159
0.629156
0.629154
0.629151
0.629149
0.629147
0.629144
0.629142
0.629139
0.629137
0.629134
0.629132
0.629129
0.629127
0.629125
0.629122
0.629120
0.629117
0.629115
0.629112
0.629110
0.629108
0.629105
0.629103
0.629100
0.629098
0.629095
0.629093
0.629091
0.629088
0.629086
0.629083
0.629081
0.629078
0.629076
0.629074
0.629071
0.629069
0.629066
0.629064
0.629061
0.629059
0.629057
0.629054
0.629052
0.629049
0.629047
0.629044
0.629042
0.629039
0.629037
0.629035
0.629032
0.629030
0.629027
0.629025
0.629022
0.629020
0.629018
0.629015
0.629013
0.629010
0.629008
0.629005
0.629003
0.629001
0.628998
0.628996
0.628993
0.628991
0.628988
0.628986
0.628984
0.628981
0.628979
0.628976
0.628974
0.628971
0.628969
0.628967
0.628964
0.628962
0.628959
0.628957
0.628954
0.628952
0.628950
0.628947
0.628945
0.628942
0.628940
0.628937
0.628935
0.628933
0.628930
0.628928
0.628925
0.628923
0.628920
0.628918
0.628916
0.628913
0.628911
0.628908
0.628906
0.628903
0.628901
0.628898
0.628896
0.628894
0.628891
0.628889
0.628886
0.628884
0.628881
0.628879
0.628877
0.628874
0.628872
0.628869
0.628867
0.628864
0.628862
0.628860
0.628857
0.628855
0.628852
0.628850
0.628847
0.628845
0.628843
0.628840
0.628838
0.628835
0.628833
0.628830
0.628828
0.628826
0.628823
0.628821
0.628818
0.628816
0.628813
0.628811
0.628809
0.628806
0.628804
0.628801
0.628799
0.628796
0.628794
0.628792
0.628789
0.628787
0.628784
0.628782
0.628779
0.628777
0.628775
0.628772
0.628770
0.628767
0.628765
0.628762
0.628760
0.628758
0.628755
0.628753
0.628750
0.628748
0.628745
0.628743
0.628741
0.628738
0.628736
0.628733
0.628731
0.628728
0.628726
0.628724
0.628721
0.628719
0.628716
0.628714
0.628711
0.628709
0.628707
0.628704
0.628702
0.628699
0.628697
0.628694
0.628692
0.628690
0.628687
0.628685
0.628682
0.628680
0.628677
0.628675
0.628673
0.628670
0.628668
0.628665
0.628663
0.628660
0.628658
0.628656
0.628653
0.628651
0.628648
0.628646
0.628643
0.628641
0.628639
0.628636
0.628634
0.628631
0.628629
0.628626
0.628624
0.628622
0.628619
0.628617
0.628614
0.628612
0.628609
0.628607
0.628605
0.628602
0.628600
0.628597
0.628595
0.628592
0.628590
0.628588
0.628585
0.628583
0.628580
0.628578
0.628575
0.628573
0.628571
0.628568
0.628566
0.628563
0.628561
0.628558
0.628556
0.628554
0.628551
0.628549
0.628546
0.628544
0.628541
0.628539
0.628537
0.628534
0.628532
0.628529
0.628527
0.628524
0.628522
0.628520
0.628517
0.628515
0.628512
0.628510
0.628507
0.628505
0.628503
0.628500
0.628498
0.628495
0.628493
0.628490
0.628488
0.628486
0.628483
0.628481
0.628478
0.628476
0.628473
0.628471
0.628469
0.628466
0.628464
0.628461
0.628459
0.628457
0.628454
0.628452
0.628449
0.628447
0.628444
0.628442
0.628440
0.628437
0.628435
0.628432
0.628430
0.628427
0.628425
0.628423
0.628420
0.628418
0.628415
0.628413
0.628410
0.628408
0.628406
0.628403
0.628401
0.628398
0.628396
0.628393
0.628391
0.628389
0.628386
0.628384
0.628381
0.628379
0.628376
0.628374
0.628372
0.628369
0.628367
0.628364
0.628362
0.628359
0.628357
0.628355
0.628352
0.628350
0.628347
0.628345
0.628342
0.628340
0.628338
0.628335
0.628333
0.628330
0.628328
0.628326
0.628323
0.628321
0.628318
0.628316
0.628313
0.628311
0.628309
0.628306
0.628304
0.628301
0.628299
0.628296
0.628294
0.628292
0.628289
0.628287
0.628284
0.628282
0.628279
0.628277
0.628275
0.628272
0.628270
0.628267
0.628265
0.628262
0.628260
0.628258
0.628255
0.628253
0.628250
0.628248
0.628245
0.628243
0.628241
0.628238
0.628236
0.628233
0.628231
0.628229
0.628226
0.628224
0.628221
0.628219
0.628216
0.628214
0.628212
0.628209
0.628207
0.628204
0.628202
0.628199
0.628197
0.628195
0.628192
0.628190
0.628187
0.628185
0.628182
0.628180
0.628178
0.628175
0.628173
0.628170
0.628168
0.628165
0.628163
0.628161
0.628158
0.628156
0.628153
0.628151
0.628149
0.628146
0.628144
0.628141
0.628139
0.628136
0.628134
0.628132
0.628129
0.628127
0.628124
0.628122
0.628119
0.628117
0.628115
0.628112
0.628110
0.628107
0.628105
0.628102
0.628100
0.628098
0.628095
0.628093
0.628090
0.628088
0.628085
0.628083
0.628081
0.628078
0.628076
0.628073
0.628071
0.628069
0.628066
0.628064
0.628061
0.628059
0.628056
0.628054
0.628052
0.628049
0.628047
0.628044
0.628042
0.628039
0.628037
0.628035
0.628032
0.628030
0.628027
0.628025
0.628022
0.628020
0.628018
0.628015
0.628013
0.628010
0.628008
0.628006
0.628003
0.628001
0.627998
0.627996
0.627993
0.627991
0.627989
0.627986
0.627984
0.627981
0.627979
0.627976
0.627974
0.627972
0.627969
0.627967
0.627964
0.627962
0.627960
0.627957
0.627955
0.627952
0.627950
0.627947
0.627945
0.627943
0.627940
0.627938
0.627935
0.627933
0.627930
0.627928
0.627926
0.627923
0.627921
0.627918
0.627916
0.627913
0.627911
0.627909
0.627906
0.627904
0.627901
0.627899
0.627897
0.627894
0.627892
0.627889
0.627887
0.627884
0.627882
0.627880
0.627877
0.627875
0.627872
0.627870
0.627867
0.627865
0.627863
0.627860
0.627858
0.627855
0.627853
0.627851
0.627848
0.627846
0.627843
0.627841
0.627838
0.627836
0.627834
0.627831
0.627829
0.627826
0.627824
0.627821
0.627819
0.627817
0.627814
0.627812
0.627809
0.627807
0.627805
0.627802
0.627800
0.627797
0.627795
0.627792
0.627790
0.627788
0.627785
0.627783
0.627780
0.627778
0.627775
0.627773
0.627771
0.627768
0.627766
0.627763
0.627761
0.627759
0.627756
0.627754
0.627751
0.627749
0.627746
0.627744
0.627742
0.627739
0.627737
0.627734
0.627732
0.627729
0.627727
0.627725
0.627722
0.627720
0.627717
0.627715
0.627713
0.627710
0.627708
0.627705
0.627703
0.627700
0.627698
0.627696
0.627693
0.627691
0.627688
0.627686
0.627683
0.627681
0.627679
0.627676
0.627674
0.627671
0.627669
0.627667
0.627664
0.627662
0.627659
0.627657
0.627654
0.627652
0.627650
0.627647
0.627645
0.627642
0.627640
0.627638
0.627635
0.627633
0.627630
0.627628
0.627625
0.627623
0.627621
0.627618
0.627616
0.627613
0.627611
0.627608
0.627606
0.627604
0.627601
0.627599
0.627596
0.627594
0.627592
0.627589
0.627587
0.627584
0.627582
0.627579
0.627577
0.627575
0.627572
0.627570
0.627567
0.627565
0.627563
0.627560
0.627558
0.627555
0.627553
0.627550
0.627548
0.627546
0.627543
0.627541
0.627538
0.627536
0.627534
0.627531
0.627529
0.627526
0.627524
0.627521
0.627519
0.627517
0.627514
0.627512
0.627509
0.627507
0.627504
0.627502
0.627500
0.627497
0.627495
0.627492
0.627490
0.627488
0.627485
0.627483
0.627480
0.627478
0.627475
0.627473
0.627471
0.627468
0.627466
0.627463
0.627461
0.627459
0.627456
0.627454
0.627451
0.627449
0.627446
0.627444
0.627442
0.627439
0.627437
0.627434
0.627432
0.627430
0.627427
0.627425
0.627422
0.627420
0.627417
0.627415
0.627413
0.627410
0.627408
0.627405
0.627403
0.627401
0.627398
0.627396
