7.424947
8.829223
8.346501
8.209322
9.582184
10.004868
11.897517
8.943716
9.437150
8.419786
8.974666
9.388583
10.757885
11.699387
12.431080
11.036251
8.562447
10.347113
4.493577
8.739422
8.389919
10.410663
7.928655
9.584078
8.038153
10.436432
8.536543
7.828062
8.863974
11.886235
9.111759
11.084481
7.699640
13.432149
4.925659
7.253325
8.258402
8.584358
10.756896
5.545868
9.481827
9.214644
9.420337
11.082753
8.575841
10.426631
9.959389
8.433051
8.470860
10.477204
11.785601
7.229579
11.001539
9.025220
9.664423
11.865960
7.997478
9.762793
10.779179
6.273461
5.434763
11.543666
11.624096
9.335760
5.847305
8.521464
8.239017
13.708763
5.549238
12.549963
7.554929
10.254460
7.646199
7.761990
7.544078
8.762619
11.942440
8.354734
9.674895
9.522725
7.782613
10.212539
11.222014
10.154394
11.347091
11.959523
9.449317
8.555782
11.730166
7.142002
10.402254
11.153510
13.286386
6.530909
10.984755
5.417230
12.432566
11.044477
7.076716
9.122419