3315.212939
2011.910365
1230.082774
760.920587
479.228915
309.945245
208.064641
146.603614
109.383695
86.704718
72.750678
64.034377
58.464890
54.788446
52.253208
50.408281
48.983208
47.815715
46.808398
45.902745
45.063566
44.269656
43.508198
42.771403
42.054503
41.354541
40.669646
39.998605
39.340595
38.695035
38.061487
37.439599
36.829079
36.229664
35.641118
35.063217
34.495748
33.938508
33.391298
32.853924
32.326199
31.807938
31.298961
30.799091
30.308156
29.825985
29.352414
28.887278
28.430418
27.981678
27.540905
27.107947
26.682658
26.264893
25.854510
25.451370
25.055337
24.666278
24.284061
23.908558
23.539644
23.177195
22.821089
22.471209
22.127437
21.789660
21.457766
21.131646
20.811191
20.496296
20.186858
19.882775
19.583949
19.290281
19.001675
18.718039
18.439280
18.165308
17.896034
17.631373
17.371238
17.115546
16.864216
16.617167
16.374320
16.135600
15.900929
15.670233
15.443440
15.220479
15.001278
14.785771
14.573888
14.365565
14.160736
13.959338
13.761308
13.566585
13.375109
13.186822
13.001665
12.819581
12.640517
12.464416
12.291225
12.120892
11.953365
11.788595
11.626530
11.467124
11.310327
11.156094
11.004378
10.855134
10.708319
10.563888
10.421800
10.282012
10.144484
10.009176
9.876047
9.745060
9.616176
9.489359
9.364571
9.241777
9.120941
9.002030
8.885008
8.769844
8.656504
8.544956
8.435168
8.327111
8.220754
8.116066
8.013020
7.911585
7.811735
7.713441
7.616677
7.521415
7.427631
7.335297
7.244390
7.154885
7.066756
6.979982
6.894537
6.810400
6.727548
6.645959
6.565610
6.486482
6.408553
6.331802
6.256210
6.181757
6.108423
6.036189
5.965037
5.894948
5.825904
5.757888
5.690882
5.624869
5.559833
5.495757
5.432624
5.370420
5.309128
5.248733
5.189220
5.130575
5.072782
5.015829
4.959700
4.904382
4.849861
4.796125
4.743161
4.690955
4.639495
4.588769
4.538764
4.489470
4.440873
4.392964
4.345729
4.299160
4.253244
4.207970
4.163330
4.119311
4.075905
4.033100
3.990888
3.949259
3.908204
3.867712
3.827776
3.788385
3.749532
3.711208
3.673404
3.636112
3.599324
3.563032
3.527227
3.491903
3.457051
3.422664
3.388735
3.355256
3.322221
3.289622
3.257453
3.225706
3.194375
3.163454
3.132937
3.102816
3.073086
3.043741
3.014774
2.986180
2.957953
2.930088
2.902579
2.875419
2.848605
2.822131
2.795990
2.770180
2.744693
2.719526
2.694674
2.670131
2.645893
2.621955
2.598314
2.574964
2.551901
2.529120
2.506618
2.484390
2.462433
2.440741
2.419312
2.398141
2.377225
2.356559
2.336140
2.315964
2.296028
2.276328
2.256861
2.237624
2.218612
2.199823
2.181253
2.162899
2.144759
2.126828
2.109105
2.091585
2.074266
2.057146
2.040220
2.023487
2.006944
1.990588
1.974416
1.958426
1.942615
1.926980
1.911520
1.896231
1.881112
1.866159
1.851371
1.836745
1.822279
1.807970
1.793817
1.779818
1.765969
1.752270
1.738718
1.725311
1.712046
1.698923
1.685939
1.673093
1.660381
1.647804
1.635358
1.623042
1.610854
1.598792
1.586856
1.575042
1.563350
1.551777
1.540323
1.528986
1.517763
1.506654
1.495658
1.484771
1.473994
1.463325
1.452762
1.442303
1.431949
1.421696
1.411545
1.401493
1.391539
1.381682
1.371921
1.362254
1.352681
1.343200
1.333810
1.324509
1.315298
1.306173
1.297136
1.288183
1.279315
1.270530
1.261828
1.253206
1.244664
1.236202
1.227818
1.219511
1.211280
1.203125
1.195044
1.187037
1.179102
1.171238
1.163446
1.155724
1.148071
1.140486
1.132968
1.125517
1.118132
1.110813
1.103557
1.096365
1.089236
1.082169
1.075163
1.068218
1.061333
1.054507
1.047740
1.041030
1.034378
1.027782
1.021242
1.014757
1.008327
1.001951
0.995628
0.989358
0.983140
0.976973
0.970858
0.964793
0.958777
0.952811
0.946894
0.941025
0.935204
0.929430
0.923702
0.918021
0.912385
0.906794
0.901248
0.895746
0.890287
0.884872
0.879499
0.874169
0.868880
0.863633
0.858427
0.853261
0.848135
0.843049
0.838002
0.832994
0.828024
0.823093
0.818198
0.813341
0.808521
0.803738
0.798990
0.794278
0.789601
0.784959
0.780352
0.775779
0.771240
0.766735
0.762263
0.757824
0.753417
0.749042
0.744700
0.740389
0.736109
0.731860
0.727642
0.723455
0.719297
0.715169
0.711071
0.707002
0.702962
0.698950
0.694967
0.691012
0.687085
0.683186
0.679313
0.675468
0.671649
0.667858
0.664092
0.660352
0.656639
0.652950
0.649287
0.645650
0.642037
0.638448
0.634884
0.631345
0.627829
0.624337
0.620868
0.617423
0.614001
0.610602
0.607226
0.603872
0.600540
0.597230
0.593943
0.590677
0.587432
0.584209
0.581007
0.577826
0.574666
0.571526
0.568407
0.565308
0.562229
0.559170
0.556130
0.553111
0.550110
0.547129
0.544167
0.541224
0.538299
0.535393
0.532506
0.529637
0.526786
0.523953
0.521137
0.518340
0.515560
0.512797
0.510052
0.507324
0.504612
0.501918
0.499240
0.496579
0.493934
0.491306
0.488693
0.486097
0.483517
0.480952
0.478403
0.475870
0.473352
0.470849
0.468362
0.465889
0.463432
0.460989
0.458561
0.456148
0.453749
0.451364
0.448994
0.446638
0.444296
0.441968
0.439654
0.437353
0.435066
0.432793
0.430533
0.428286
0.426053
0.423833
0.421625
0.419431
0.417250
0.415081
0.412925
0.410781
0.408650
0.406532
0.404425
0.402331
0.400249
0.398179
0.396121
0.394074
0.392040
0.390017
0.388006
0.386006
0.384018
0.382041
0.380075
0.378121
0.376178
0.374245
0.372324
0.370413
0.368514
0.366625
0.364747
0.362879
0.361022
0.359175
0.357339
0.355513
0.353697
0.351891
0.350096
0.348310
0.346535
0.344769
0.343013
0.341267
0.339531
0.337804
0.336087
0.334379
0.332681
0.330992
0.329312
0.327642
0.325980
0.324328
0.322685
0.321051
0.319426
0.317810
0.316203
0.314604
0.313015
0.311434
0.309861
0.308297
0.306742
0.305194
0.303656
0.302126
0.300603
0.299090
0.297584
0.296087
0.294597
0.293116
0.291642
0.290177
0.288719
0.287269
0.285827
0.284393
0.282966
0.281547
0.280136
0.278732
0.277336
0.275947
0.274565
0.273191
0.271824
0.270465
0.269112
0.267767
0.266429
0.265098
0.263774
0.262457
0.261147
0.259844
0.258548
0.257258
0.255976
0.254700
0.253431
0.252168
0.250912
0.249663
0.248420
0.247184
0.245955
0.244731
0.243514
0.242304
0.241100
0.239902
0.238710
0.237525
0.236346
0.235172
0.234005
0.232845
0.231690
0.230541
0.229398
0.228261
0.227130
0.226004
0.224885
0.223771
0.222664
0.221561
0.220465
0.219374
0.218289
0.217209
0.216135
0.215067
0.214004
0.212946
0.211894
0.210848
0.209806
0.208770
0.207740
0.206715
0.205694
0.204680
0.203670
0.202665
0.201666
0.200672
0.199683
0.198699
0.197719
0.196745
0.195776
0.194812
0.193853
0.192898
0.191949
0.191004
0.190064
0.189129
0.188199
0.187273
0.186352
0.185436
0.184525
0.183618
0.182715
0.181817
0.180924
0.180035
0.179151
0.178271
0.177396
0.176525
0.175659
0.174797
0.173939
0.173085
0.172236
0.171391
0.170551
0.169715
0.168882
0.168054
0.167231
0.166411
0.165596
0.164784
0.163977
0.163174
0.162374
0.161579
0.160788
0.160001
0.159217
0.158438
0.157662
0.156891
0.156123
0.155359
0.154599
0.153843
0.153090
0.152342
0.151597
0.150855
0.150118
0.149384
0.148654
0.147927
0.147204
0.146485
0.145769
0.145057
0.144349
0.143644
0.142942
0.142244
0.141549
0.140858
0.140171
0.139486
0.138806
0.138128
0.137454
0.136783
0.136116
0.135452
0.134791
0.134133
0.133479
0.132828
0.132180
0.131536
0.130894
0.130256
0.129621
0.128989
0.128361
0.127735
0.127113
0.126493
0.125877
0.125263
0.124653
0.124046
0.123442
0.122840
0.122242
0.121647
0.121054
0.120465
0.119878
0.119295
0.118714
0.118136
0.117561
0.116989
0.116419
0.115853
0.115289
0.114728
0.114170
0.113614
0.113061
0.112511
0.111964
0.111419
0.110877
0.110338
0.109802
0.109268
0.108736
0.108208
0.107681
0.107158
0.106637
0.106119
0.105603
0.105089
0.104579
0.104070
0.103565
0.103061
0.102561
0.102062
0.101566
0.101073
0.100582
0.100093
0.099607
0.099123
0.098642
0.098162
0.097686
0.097211
0.096739
0.096269
0.095802
0.095337
0.094874
0.094413
0.093955
0.093499
0.093045
0.092593
0.092144
0.091696
0.091251
0.090808
0.090368
0.089929
0.089493
0.089058
0.088626
0.088196
0.087768
0.087343
0.086919
0.086497
0.086077
0.085660
0.085244
0.084831
0.084419
0.084010
0.083602
0.083197
0.082793
0.082392
0.081992
0.081595
0.081199
0.080805
0.080414
0.080024
0.079636
0.079250
0.078865
0.078483
0.078103
0.077724
0.077347
0.076972
0.076599
0.076228
0.075859
0.075491
0.075125
0.074761
0.074399
0.074038
0.073679
0.073322
0.072967
0.072613
0.072262
0.071911
0.071563
0.071216
0.070871
0.070528
0.070186
0.069846
0.069508
0.069171
0.068836
0.068503
0.068171
0.067841
0.067512
0.067185
0.066860
0.066536
0.066214
0.065893
0.065574
0.065256
0.064940
0.064626
0.064313
0.064001
0.063692
0.063383
0.063076
0.062771
0.062467
0.062164
0.061864
0.061564
0.061266
0.060969
0.060674
0.060380
0.060088
0.059797
0.059508
0.059220
0.058933
0.058648
0.058364
0.058082
0.057800
0.057521
0.057242
0.056965
0.056690
0.056415
0.056142
0.055870
0.055600
0.055331
0.055063
0.054797
0.054532
0.054268
0.054005
0.053744
0.053484
0.053225
0.052967
0.052711
0.052456
0.052202
0.051950
0.051698
0.051448
0.051199
0.050952
0.050705
0.050460
0.050216
0.049973
0.049731
0.049491
0.049251
0.049013
0.048776
0.048540
0.048305
0.048071
0.047839
0.047607
0.047377
0.047148
0.046920
0.046693
0.046467
0.046243
0.046019
0.045796
0.045575
0.045354
0.045135
0.044917
0.044700
0.044483
0.044268
0.044054
0.043841
0.043629
0.043418
0.043208
0.042999
0.042791
0.042584
0.042378
0.042174
0.041970
0.041767
0.041565
0.041364
0.041164
0.040965
0.040767
0.040570
0.040373
0.040178
0.039984
0.039791
